-1.116325557330190565e-01 -2.742291165680743603e-01
8.905843718292467959e-02 2.134507265753883276e-01
2.313612622500803850e-01 1.467376687271756408e-01
-1.433250721758543289e-01 4.358567496556844389e-01
-3.312921050467926981e-02 2.733023232940844371e-01
2.504937904060092202e-01 -1.129848020878420484e-01
-3.505356468837148021e-01 4.623296260043159300e-01
3.146103973086827876e-01 3.355982052352753792e-02
-2.970480588878317008e-01 5.383155886377794658e-02
-2.493941816573200521e-01 9.156530200755608195e-02
